% function controlsignal = pidfunc(plantoutputp, plantoutputc, currenttime, dt, lastcontrolinput)
function controlsignal = pidfunc(T)

plantoutputp = T(1);
plantoutputc = T(2);
currenttime = T(3);
dt = T(4);
lastcontrolinput = T(5);

%% PID
% Kp = 70;
% Ki = 0;
% Kd = 0;
% Tf = 100; 
% 
% C = -(Kp + Ki*tf(1,[1 0]) + Kd*tf([1 0],[Tf 1]));

%% Model 1
AA = [-950680614.437965,58540475.7253688,374834779.553036,701399445.270722,41710414.7917130,-713846632.528637,-836052492.053132,-711917649.144977,529777655.708808,245005545.385186,-41860465.0793182,-506940847.533061,385546654.984568,109115092.788548,243065467.817187,1059252844.94460,178042007.602502,768438717.184271,-215451784.630449,-318758532.808401,-1326548557.79523,-536435136.130221,103187477.692565,-1200852911.11495,-399746481.663582,1288944683.47052,-324902236.648494,-129283669.737619,752436137.758764,-1032636344.01845,-696188756.293235,-12766223871.8385;-65479951534.0150,4029636713.08140,25817450708.2730,48310079801.1573,2872872523.67570,-49167435212.8368,-57584581711.6186,-49034667753.6525,36489364790.3180,16875218531.5229,-2883223318.45926,-34916504387.7635,26555200092.5522,7515508663.45718,16741591151.7391,72957898773.3888,12262978278.4983,52927611344.7533,-14839647526.8840,-21955056774.0749,-91368527766.6919,-36947893450.6785,7107306280.07758,-82711004764.7892,-27533290021.1097,88778520539.2626,-22378025005.3064,-8904656355.23021,51825559802.3380,-71124770132.5301,-47951310280.0413,-879297276290.435;41553115021.5283,-2557180377.82633,-16383580879.5233,-30657279516.3739,-1823105667.34285,31201324735.6611,36542789424.4324,31117070915.4660,-23155906214.1234,-10708900370.7612,1829674136.42209,22157779240.2811,-16851751919.7626,-4769291328.17661,-10624101343.4695,-46298593325.1839,-7782003619.33417,-33587506987.7103,9417140678.71717,13932531785.1021,57981854226.4037,23446885519.9020,-4510248424.09128,52487848186.9423,17472441052.9897,-56338252747.3109,14200945634.0079,5650835148.04288,-32888151621.2470,45135301677.9172,30429579618.0917,557996148596.566;-26806929762.2762,1649699508.19426,10569474943.5948,19777742051.5437,1176130002.69766,-20128736180.2343,-23574645463.9304,-20074381319.1126,14938440333.7484,6908572778.44637,-1180367343.99023,-14294523794.3694,10871476511.5918,3076786153.24017,6853866767.47718,29868352711.9007,5020361183.19444,21668120811.7351,-6075227110.93209,-8988216368.36341,-37405508336.3914,-15126158127.1430,2909671683.01805,-33861192054.6715,-11271896782.7062,36345182798.0146,-9161375965.89234,-3645491318.25189,21216950180.1626,-29117882238.9610,-19630862743.0160,-359976940794.980;-15074254077.3391,927670211.907891,5943483678.42828,11121553896.8292,661369365.951552,-11318948604.9881,-13256654435.2392,-11288362500.7042,8400285011.57759,3884875615.64128,-663752221.199940,-8038193777.87335,6113322351.37906,1730159303.80963,3854112999.39954,16795774523.1195,2823083241.24909,12184564517.1999,-3416263009.30295,-5054314739.56025,-21034119664.6300,-8505843761.55619,1636186249.19381,-19041055192.5139,-6338490093.82858,20437869400.1448,-5151687136.23009,-2049957570.32207,11930859095.8380,-16373766203.0817,-11038960711.2678,-202424672293.688;-1777165683.42316,109366850.772865,700701656.240000,1311165656.01395,77992805.1258523,-1334434817.41036,-1562881413.33244,-1330833013.89664,990344090.013730,458004327.022812,-78252621.6412426,-947656394.873065,720724668.259659,203975745.803897,454377674.345428,1980122815.64126,332824256.744897,1436488331.63277,-402757597.658778,-595873910.307741,-2479800564.02025,-1002788840.26208,192896713.198257,-2244828805.97679,-747272287.141786,2409504332.59118,-607353560.642052,-241678359.875379,1406577946.79052,-1930373708.71788,-1301430636.08416,-23864675641.8909;-7039192132.29066,433192171.267824,2775415828.61125,5193408207.68184,308838259.804556,-5285575241.37758,-6190431490.19142,-5271329434.30705,3922663084.11763,1814112520.91646,-309951131.368214,-3753579000.90065,2854725028.48053,807928976.399219,1799747443.39025,7843086821.63468,1318288413.53154,5689799979.47536,-1595285403.09473,-2360202512.98792,-9822259969.06897,-3971955617.71244,764046410.172008,-8891561510.77356,-2959873096.15468,9543828115.63024,-2405672256.42288,-957264818.443528,5571327736.66295,-7646026270.37842,-5154842461.55901,-94525815556.6307;1279673171.81421,-78751140.2656137,-504550113.546880,-944123302.223681,-56144579.8787562,960879132.032532,1125400476.22442,958283895.768656,-713110400.847167,-329792190.035998,56346853.9084786,682372803.584380,-518967376.227367,-146875505.930990,-327180704.390532,-1425813825.11744,-239655217.840695,-1034363073.22089,290011050.743752,429066991.725215,1785613988.86436,722071275.470467,-138898804.053566,1616420123.19449,538082745.860181,-1734997813.30092,437330984.675139,174023594.933788,-1012827387.71755,1389990503.66149,937111870.473745,17184090883.7979;1605453537.15319,-98799675.9942291,-632998942.370516,-1184479043.84392,-70437832.2502988,1205499905.56395,1411873682.58980,1202244634.11844,-894655693.304593,-413768357.961234,70691803.3209047,856092787.410802,-651087268.110337,-184267315.451045,-410475006.425818,-1788800650.43049,-300666423.695243,-1297692870.06654,363842555.171556,538299761.792947,2240198545.73544,905898016.910468,-174258766.704512,2027930277.29283,675069544.885289,-2176694732.82181,548670236.723977,218326993.595587,-1270672463.42737,1743857842.10073,1175684263.91150,21558838118.2364;-2371093639.66723,145917199.474907,934875866.648338,1749356591.37553,104029604.347205,-1780402301.45982,-2085195661.96116,-1775594655.99636,1321333713.46284,611068644.375235,-104404460.048401,-1264361760.59808,961590285.669199,272144137.232315,606229861.892931,2641878371.33990,444054779.765414,1916561851.15033,-537358571.938143,-795014544.503024,-3308546332.74684,-1337920044.47242,257363019.351725,-2995048713.09172,-997008138.636568,3214759682.04351,-810329862.582563,-322446569.870046,1876656100.26979,-2575499501.87581,-1736365202.64192,-31840237415.5509;1276476458.95001,-78554413.4763549,-503289712.130533,-941764791.405482,-56004259.6703690,958478222.841126,1122563491.30593,955890032.125603,-711329874.276743,-328968317.746235,56206046.6452306,680686565.470091,-517671422.375984,-146508594.903287,-326363408.969167,-1422253298.32555,-239056519.390020,-1031779646.96384,289286594.955615,427995498.716334,1781153495.02420,720268294.044848,-138551135.504161,1612382226.03995,536738660.492719,-1730663405.62793,436240617.687945,173588888.484895,-1010296310.83844,1386518363.59831,934771002.209003,17141167833.0342;-363095795.942866,22344930.0317914,143161573.710250,267886519.581338,15930501.6955648,-272640676.124285,-319314981.283879,-271904468.216449,202338539.651150,93575578.9367953,-16006236.5414759,-193617170.967169,147252988.002264,41674589.9859594,92834596.7151277,404563337.811679,68000020.7543390,293491804.336733,-82288032.5809239,-121744310.865018,-506651973.443498,-204882175.759536,39410491.9957548,-458644717.570015,-152676169.672029,492289761.907007,-124091190.248964,-49377632.2644814,287379571.900118,-394397363.432373,-265897100.087220,-4875836266.29164;-265393377.994353,16332319.4493384,104639420.434353,195803171.674741,11643895.9519643,-199278076.162970,-233393192.838935,-198739966.118086,147893221.342091,68396123.6168623,-11685867.5207687,-141518435.719287,107629556.941120,30449211.3783658,67854247.2338138,295702022.063672,49702812.8043446,214518270.036114,-60145656.9718205,-88984949.1894920,-370320223.299363,-149751664.344494,28806278.5486913,-335231514.547183,-111592888.224263,359823815.851842,-90699230.6335660,-36090774.0210691,210051621.880782,-288270510.894977,-194347837.523728,-3563836103.66711;883660147.592156,-54380481.4189499,-348409920.478344,-651950929.837500,-38769795.0436275,663521054.768109,777111561.199109,661729342.297733,-492428802.657212,-227733311.765950,38909479.6264621,471202860.583465,-358354510.827364,-101422783.493883,-225929986.830462,-984576746.746647,-165490523.362945,-714265216.448414,200263005.068151,